59
387
534
855
215
254
725
913
311
115
597
281
482
953
672
56
202
855
507
657
680
50
940
429
64
92
70
256
205
40
972
29
129
252
127
263
353
502
732
261
136
315
111
812
884
870
590
327
461
106
341
555
263
55
1
700
553
1
168
911
474
550
476
629
204
149
269
937
927
908
327
775
366
727
655
557
577
493
657
795
974
533
674
571
488
774
166
824
791
588
881
329
232
912
68
912
474
735
866
915
834
53
282
44
307
822
366
125
614
499
732
330
814
859
812
910
720
143
356
454
387
19
393
582
985
540
178
38
718
994
864
551
612
912
752
88
868
132
94
190
984
828
553
521
648
162
383
388
481
181
544
250
133
259
102
933
209
951
642
710
633
83
738
112
975
250
315
847
207
162
465
511
372
12
726
876
415
569
547
261
939
347
325
423
595
237
529
119
211
550
96
996
807
890
867
346
170
429
600
377
357
635
161
569
962
418
445
499
537
905
146
381
953
361
274
771
364
198
688
300
80
337
277
778
239
156
597
176
324
240
555
445
375
660
118
987
672
382
86
228
427
533
380
170
486
36
848
546
486
151
328
347
766
463
429
697
865
512
489
86
316
225
699
348
807
311
552
434
422
766
217
857
9
694
861
831
746
598
695
45
657
359
962
157
566
188
826
434
41
139
974
946
148
274
95
46
554
175
915
389
412
703
499
786
87
121
12
696
948
722
202
262
950
664
382
55
350
274
199
356
883
939
706
464
401
532
232
257
416
832
226
901
811
968
571
78
748
901
980
207
551
958
763
435
409
543
190
731
581
443
704
129
231
518
273
626
569
993
566
954
528
632
629
379
428
777
478
595
961
488
226
410
78
80
827
715
136
861
180
628
123
16
833
157
151
619
866
536
708
594
256
84
775
844
624
577
152
672
43
459
893
959
280
686
403
677
431
326
310
955
726
304
455
282
150
550
201
794
98
768
632
23
827
336
996
169
179
287
859
563
867
123
914
380
292
535
955
360
576
393
388
822
495
754
761
104
319
545
275
352
178
625
222
603
320
986
598
798
529
137
177
442
224
560
199
657
306
168
52
589
501
855
615
772
307
390
497
380
901
857
288
600
436
972
108
209
7
706
311
33
758
612
92
614
228
961
737
711
62
323
649
917
553
509
992
776
767
246
686
951
956
318
664
68
312
807
615
878
345
543
125
946
599
339
489
862
580
154
815
658
72
928
690
419
752
722
422
861
685
248
699
263
966
122
797
995
257
508
57
761
489
795
744
737
792
181
223
455
333
718
268
861
816
812
797
212
534
702
832
317
393
467
290
161
817
131
711
172
265
983
499
177
470
508
946
724
758
786
550
214
613
646
355
978
479
135
622
55
69
432
827
970
455
827
186
377
361
711
271
543
693
382
313
178
74
907
116
278
182
586
365
641
921
893
510
756
667
73
305
641
55
976
131
837
574
469
799
210
537
556
833
280
720
6
301
520
477
39
190
814
224
183
18
298
603
59
651
946
554
833
695
285
615
695
901
146
641
5
987
561
177
35
639
333
665
995
135
896
124
752
421
121
630
152
12
943
509
846
997
272
343
230
328
714
242
736
986
776
684
963
215
772
726
584
324
186
339
448
457
609
159
592
596
93
820
438
677
884
483
852
711
331
664
629
808
676
996
778
502
432
171
800
374
959
547
704
850
528
633
898
562
85
196
601
861
423
461
804
687
362
138
241
974
134
538
477
731
155
853
871
159
229
831
446
158
1000
969
872
316
860
151
745
175
742
16
544
91
940
8
294
220
901
442
821
930
878
733
304
947
629
816
528
175
654
19
327
445
43
837
364
877
326
856
249
649
817
661
176
825
825
483
115
480
59
585
887
481
297
334
957
420
381
711
731
14
56
254
685
874
832
150
279
610
492
348
216
840
443
391
478
528
660
312
887
990
448
320
694
479
632
672
525
801
489
843
85
586
696
208
9
810
106
680
84
321
8
871
472
239
905
538
359
472
543
337
764
904
507
482
978
627
808
250
759
163
475
893
861
642
200
347
895
42
373
300
520
878
680
157
865
904
434
482
754
714
375
846
989
234
354
587
284
328
979
987
702
214
284
658
734
417
602
976
370
304
902
760
910
398
427
108
461
609
931
380
307
119
711
549
479
16
865
680
457
486
151
932
441
316
975
550
771
117
743
430
156
364
549
510
235
272
206
795
1
84
321
743
697
488
972
471
96
870
675
193
261
726
890
720
96
387
264
591
41
47
583
622
409
173
153
293
716
577
894
149
993
625
455
861
130
822
754
711
833
63
345
562
297
946
457
803
6
305
404
151
288
993
917
256
657
518
742
247
546
705
569
774
27
433
241
394
493
64
507
337
436
6
925
683
533
7
973
752
642
665
479
253
441
142
814
1
414
135
786
995
857
81
530
42
100
712
716
620
374
17
790
680
386
234
22
347
160
760
458
342
968
460
210
415
234
384
442
147
757
927
813
48
638
491
264
311
592
116
966
351
809
460
779
132
683
927
212
444
37
563
199
370
998
593
619
74
828
86
251
622
738
25
326
647
792
247
803
2
356
280
43
704
287
700
215
76
467
827
146
334
318
618
808
964
44
50
33
820
881
213
920
503
819
700
464
474
127
514
662
908
846
37
386
169
285
983
648
476
41
372
260
936
759
709
651
75
225
210
817
369
888
849
303
154
478
1000
587
76
372
265
318
891
790
583
106
324
805
416
775
709
648
256
387
575
153
146
302
44
535
655
460
639
867
63
192
457
517
480
384
222
909
411
580
141
781
50
154
895
157
699
163
250
713
446
906
2
797
247
369
801
264
839
139
140
874
878
38
357
396
5
548
424
541
800
682
210
839
611
294
921
672
556
48
811
307
497
187
545
912
478
830
437
747
733
251
131
275
181
71
616
203
776
180
780
583
882
358
142
677
428
71
826
67
956
84
758
936
541
744
926
975
506
626
122
723
816
725
604
90
463
945
357
503
37
546
854
786
585
929
503
269
741
37
918
150
425
613
980
264
188
117
986
565
31
72
171
535
472
167
203
829
550
581
404
205
758
315
110
905
365
430
842
627
251
70
336
874
78
479
835
640
632
509
117
240
981
639
768
928
26
159
720
699
160
773
357
712
358
768
50
615
500
38
259
965
143
35
425
948
757
710
699
153
251
849
389
42
903
217
667
677
401
906
767
250
860
284
278
143
369
695
526
625
910
801
271
656
614
849
688
531
713
570
845
210
303
310
994
26
982
380
88
217
259
536
783
803
132
289
158
581
833
874
838
922
956
330
364
139
338
253
986
417
441
817
726
925
1000
93
627
214
448
694
417
954
592
392
92
849
54
257
171
257
644
224
848
898
941
165
86
180
473
557
403
785
804
876
472
290
276
613
218
148
214
465
878
80
772
553
774
1000
227
62
439
722
657
433
43
394
240
128
313
290
941
427
505
613
53
932
168
109
943
750
64
39
635
210
851
166
166
306
867
144
686
923
583
421
89
317
376
581
747
361
844
864
760
409
803
365
48
481
378
418
607
951
33
955
1
630
235
156
559
236
686
889
719
819
342
348
798
207
12
82
228
195
677
953
69
328
183
413
82
760
323
864
77
720
501
66
897
668
445
1
403
420
578
730
43
420
657
823
991
978
830
879
465
337
499
384
23
489
284
495
39
416
601
256
820
699
690
97
640
325
42
694
110
569
867
903
792
982
81
554
18
610
8
276
184
505
682
393
776
856
611
883
576
741
701
239
936
177
484
913
281
370
397
951
584
748
956
408
249
414
997
764
866
610
74
321
35
15
185
197
868
101
53
431
265
407
218
997
347
725
1
918
722
767
190
468
947
680
437
332
311
531
30
651
674
933
600
413
104
895
279
133
468
190
676
885
698
578
568
550
339
476
243
339
360
248
595
279
688
208
321
439
842
696
527
789
963
80
944
725
276
637
253
195
669
307
640
691
478
921
269
206
882
130
88
73
828
40
514
479
450
287
811
269
693
166
583
641
952
873
299
910
21
860
562
967
267
135
760
201
866
271
181
727
399
607
93
829
350
652
628
344
78
621
160
180
546
319
690
408
171
495
177
720
830
386
175
521
841
855
225
849
396
768
908
45
24
164
186
816
429
976
404
828
362
48
19
56
572
110
930
1
989
571
369
334
245
873
540
158
22
359
322
689
360
15
696
557
175
504
473
987
331
361
832
836
838
480
68
479
810
654
335
939
482
538
727
99
510
652
108
87
175
733
379
206
93
567
412
521
197
980
165
519
836
958
824
900
487
440
52
379
594
99
435
175
773
174
609
635
137
34
417
703
183
183
422
46
8
771
532
154
62
774
677
480
624
167
74
714
187
914
165
295
412
148
797
757
671
43
125
406
759
680
891
109
631
764
927
133
37
708
736
626
286
558
654
668
236
683
428
615
215
292
747
9
725
539
680
42
247
399
360
822
178
659
585
612
431
945
910
793
216
506
848
411
579
253
345
60
124
221
614
49
536
943
989
494
943
799
128
274
738
865
3
580
194
79
609
71
369
934
871
325
728
9
891
100
454
487
948
166
283
40
553
179
119
620
254
769
118
887
74
656
561
547
716
403
534
829
127
358
610
332
843
732
511
24
394
194
896
369
312
881
642
723
794
992
497
732
80
471
886
192
406
344
948
327
808
747
394
234
705
766
220
826
192
396
708
10
942
639
799
820
73
151
450
417
776
112
923
827
99
102
420
834
563
426
623
76
249
405
666
101
193
158
483
832
504
22
89
674
458
305
714
785
741
50
31
342
230
124
548
456
164
744
499
738
911
704
37
122
862
124
848
855
283
650
390
123
505
624
992
914
516
384
629
240
281
730
24
37
727
652
315
903
9
22
172
29
498
390
18
934
649
717
954
98
112
170
441
544
100
313
593
499
693
936
269
666
619
940
292
283
615
523
977
510
597
100
905
408
348
901
851
214
615
698
119
478
784
663
640
902
208
810
240
390
305
150
170
670
964
855
792
71
632
118
893
133
1
743
357
816
479
994
547
731
413
698
838
429
526
177
413
12
667
955
65
600
40
583
527
583
187
578
125
721
428
365
442
729
645
974
409
179
877
115
284
334
983
736
462
450
898
772
746
589
578
138
851
755
462
131
917
152
429
103
233
914
627
121
78
252
820
261
408
11
671
110
691
983
333
311
966
194
354
56
295
81
228
82
503
180
513
563
131
657
932
648
914
294
430
780
320
307
438
340
577
628
649
468
61
622
788
69
966
990
138
656
686
144
172
836
198
204
797
596
577
888
791
463
24
731
398
200
183
18
212
251
453
752
49
601
33
854
635
541
986
476
373
707
175
70
796
463
400
261
974
625
631
923
3
200
597
981
986
402
715
234
133
385
694
203
732
586
732
936
291
570
211
880
603
517
795
712
339
437
869
47
618
395
132
465
904
714
933
656
803
703
864
3
695
727
96
883
653
421
128
9
17
509
19
867
202
937
304
735
553
638
490
599
919
53
750
296
911
307
36
75
594
217
765
425
992
842
395
646
230
273
821
655
655
151
809
95
766
133
904
718
742
679
778
30
755
929
80
709
425
311
231
643
593
137
31
858
437
628
865
259
545
364
900
260
846
213
991
433
606
112
570
176
148
397
849
496
897
11
37
612
276
482
600
681
464
856
267
941
441
976
849
965
514
147
399
452
82
451
995
601
862
742
661
218
724
50
360
748
16
5
511
277
140
63
920
417
516
391
209
48
566
605
717
216
217
127
174
724
402
637
731
443
974
633
173
87
639
928
990
49
261
279
521
103
419
419
56
986
412
691
628
524
722
249
863
708
341
512
610
105
609
924
205
117
783
607
499
66
552
150
547
545
908
581
90
278
548
968
605
215
62
415
552
933
134
309
820
499
820
689
171
879
96
93
822
499
737
202
18
173
243
934
831
694
918
700
335
213
668
70
419
236
877
833
397
775
315
654
377
288
514
905
374
451
953
116
206
206
199
466
201
601
834
448
320
407
272
203
119
61
75
401
608
191
585
70
975
946
789
878
802
188
356
427
379
424
241
829
279
183
194
629
7
131
422
696
288
604
238
604
660
769
688
857
269
664
243
106
898
906
812
888
778
497
580
754
815
58
944
502
601
825
291
926
746
954
961
647
972
420
375
873
304
957
357
37
203
266
931
535
943
606
514
416
35
574
550
880
315
183
432
122
970
541
128
212
586
200
676
335
137
657
499
728
134
381
353
54
905
817
549
225
79
151
303
366
74
974
684
87
831
249
727
486
5
155
209
197
434
796
905
528
469
114
842
483
651
383
250
976
435
62
392
655
24
572
523
634
129
962
322
461
471
15
813
910
408
745
76
332
112
190
235
667
792
509
551
360
810
774
568
961
882
739
493
653
748
321
683
86
288
262
223
754
272
979
520
847
561
603
425
771
470
752
947
3
789
799
370
783
258
701
179
850
498
39
813
157
410
263
576
359
514
250
98
886
463
136
338
914
227
545
681
170
968
115
511
514
403
277
10
47
945
216
135
594
832
320
616
701
216
737
476
724
301
824
890
847
614
619
506
502
60
673
482
490
905
840
560
28
739
676
566
783
26
815
678
967
511
479
340
317
219
130
650
784
475
601
259
741
721
682
514
45
530
363
125
746
800
760
608
355
684
674
104
599
117
900
403
215
49
731
648
992
647
301
168
867
903
42
809
36
268
602
875
579
41
364
185
315
853
37
154
329
264
233
288
873
59
787
545
139
563
377
310
398
46
815
33
695
626
143
835
505
504
207
605
50
450
235
194
899
553
134
904
539
769
571
616
763
900
88
714
264
398
190
926
759
246
624
992
273
862
809
833
107
108
726
527
363
62
535
933
951
297
603
671
663
192
54
690
143
674
391
510
878
642
344
972
477
106
821
70
223
381
97
381
597
734
997
717
791
444
86
834
850
828
414
832
40
534
788
282
909
78
148
524
357
252
105
742
314
751
656
335
610
32
398
182
756
324
448
613
472
559
1
898
565
554
14
711
861
47
341
324
404
958
437
177
263
704
303
823
786
542
298
493
304
174
304
620
284
562
854
186
922
919
420
877
371
765
864
46
541
480
731
413
833
390
6
161
968
34
947
718
569
320
941
570
913
871
262
98
177
724
321
798
735
707
197
924
912
484
341
669
4
157
260
188
809
116
949
411
682
343
379
887
680
730
527
617
343
253
753
808
341
225
354
615
797
345
353
825
925
41
167
404
548
283
255
693
10
445
137
966
60
504
388
448
835
402
464
884
140
934
792
617
37
367
401
115
722
379
792
884
736
218
223
520
706
893
594
821
355
268
952
154
266
428
353
881
165
562
936
757
638
728
208
712
368
942
73
139
704
724
137
120
483
210
115
231
343
256
556
212
764
599
794
474
382
691
9
923
350
545
681
162
971
437
996
126
237
593
151
50
338
21
706
47
616
998
386
465
951
688
563
436
226
633
600
583
26
441
312
21
74
724
114
585
428
474
393
940
30
463
772
470
307
385
674
22
712
837
453
916
65
259
461
472
49
730
443
667
278
732
985
217
257
25
919
756
841
197
87
152
966
397
393
575
988
200
190
815
724
4
800
968
549
796
945
545
77
305
441
342
458
671
496
170
587
669
589
280
254
233
21
85
149
779
66
131
562
580
132
35
426
739
782
367
759
98
979
588
675
565
932
687
814
154
235
555
918
282
602
295
616
934
926
385
314
411
717
318
694
45
913
837
93
297
913
924
1000
466
941
913
564
460
103
432
769
891
651
621
169
504
694
701
599
659
749
405
164
347
897
559
205
707
710
208
264
466
79
131
432
42
558
980
74
289
990
869
949
105
615
97
704
621
599
91
709
536
656
468
38
657
92
424
796
98
660
811
110
488
690
788
341
980
193
9
649
409
281
197
934
828
944
97
664
316
145
281
381
251
818
658
868
275
72
260
23
18
751
669
387
412
9
486
934
929
905
652
421
75
777
630
74
126
333
679
900
480
224
970
385
308
600
580
960
505
764
577
799
588
815
767
137
72
343
820
514
355
669
723
620
800
503
760
757
635
542
889
794
58
799
30
620
130
602
832
112
207
989
568
690
422
614
928
329
869
142
543
726
935
532
389
633
207
543
870
49
530
699
672
368
534
169
655
357
560
806
565
259
39
376
769
345
137
571
803
95
576
61
856
283
257
761
328
738
498
297
563
109
241
539
386
68
548
211
396
196
491
785
608
131
986
896
831
645
155
256
45
429
781
81
27
144
499
765
770
343
440
733
855
822
334
307
239
704
423
107
929
884
483
118
356
746
270
778
797
76
485
802
948
995
397
286
655
593
963
596
775
891
375
381
947
619
536
769
812
343
32
538
634
410
456
839
54
693
235
811
313
553
637
848
976
588
460
467
142
53
423
263
818
790
779
238
82
70
323
419
902
486
979
555
595
735
779
545
141
325
105
509
346
890
177
510
104
590
395
199
733
550
818
679
480
863
66
19
697
866
722
909
471
466
768
93
260
353
872
689
946
499
920
805
926
279
687
992
354
435
855
168
633
873
430
82
954
916
98
117
551
55
754
731
512
234
416
565
447
888
961
702
684
881
910
675
867
217
147
350
734
137
937
225
684
828
312
442
308
583
388
469
508
508
770
302
280
279
119
184
493
679
587
807
1
297
892
838
583
59
296
434
607
990
334
583
786
860
157
288
560
458
45
793
17
95
507
267
935
664
292
159
943
172
375
133
723
118
539
180
296
204
711
714
485
652
646
510
578
711
789
4
418
632
447
396
604
66
128
71
891
557
14
662
896
83
439
279
40
99
601
890
737
373
100
561
749
544
909
69
433
826
384
233
520
636
758
445
182
775
437
292
313
898
979
415
608
305
237
94
682
166
487
218
578
627
119
629
438
239
784
49
182
931
568
135
902
809
581
955
743
655
708
909
959
795
918
719
744
211
421
429
599
146
281
673
15
936
62
483
149
172
768
28
159
562
698
484
22
517
207
986
883
877
39
389
520
43
305
760
286
298
624
932
769
376
867
492
916
557
969
23
11
541
715
788
485
419
961
220
541
156
914
862
40
666
4
771
255
717
628
119
490
782
148
545
793
669
929
518
859
438
621
194
465
852
270
287
858
199
669
201
883
199
863
79
924
316
496
789
38
40
65
349
986
442
205
761
537
397
804
63
797
26
697
940
809
630
786
470
546
342
731
22
196
917
316
476
175
631
764
795
426
868
428
573
81
782
793
863
768
17
183
153
891
889
622
398
721
36
995
338
643
543
591
943
274
743
527
981
541
724
782
886
484
658
914
303
174
44
238
896
137
662
29
179
533
570
352
549
615
974
802
257
355
675
445
452
179
41
181
996
620
522
826
97
970
809
50
384
853
390
743
183
755
531
901
268
834
907
519
253
346
705
612
867
494
324
417
128
840
720
776
964
191
198
710
795
502
133
865
304
874
713
976
20
310
604
820
917
231
397
174
753
335
479
523
981
318
920
924
667
228
40
654
859
591
214
520
692
46
924
181
147
990
92
23
135
293
204
687
922
436
995
763
996
266
115
587
116
652
671
792
324
10
604
221
798
399
959
312
909
106
645
666
770
849
101
793
215
469
876
573
130
867
698
370
924
874
415
866
98
142
566
771
566
116
710
154
949
316
439
723
977
332
765
120
946
587
343
962
969
655
236
526
861
590
320
257
882
124
197
13
683
434
435
105
698
377
572
753
620
4
668
32
323
457
658
331
271
911
854
89
990
519
87
190
819
826
847
126
936
427
899
117
796
186
845
780
834
375
121
698
237
45
199
427
379
267
148
321
983
488
658
729
670
51
311
912
232
567
396
42
542
286
780
287
187
420
33
196
192
229
988
38
48
699
515
832
801
648
679
316
520
44
452
911
556
540
917
964
348
767
786
725
754
469
775
158
605
769
811
950
305
718
923
71
10
115
158
66
995
204
597
436
339
991
740
441
135
884
304
107
737
547
819
334
357
972
926
835
54
693
608
677
19
532
875
332
359
402
967
709
742
82
334
884
508
822
620
472
803
82
288
242
199
61
649
590
747
791
428
419
410
115
581
76
581
720
704
925
375
851
780
896
846
485
67
312
79
559
350
207
92
528
191
500
841
279
80
594
597
968
350
486
699
96
479
467
4
970
261
303
509
219
210
416
40
897
114
49
832
266
477
2
973
659
667
558
951
123
173
709
383
105
693
88
482
70
711
34
905
768
401
458
954
824
903
943
570
916
581
842
595
294
172
543
701
990
936
103
714
176
965
699
438
814
846
442
635
776
46
546
156
380
616
257
848
69
764
601
374
511
64
113
395
909
30
53
698
836
861
368
234
475
849
835
348
586
2
91
773
617
175
370
801
751
319
366
594
638
735
597
531
104
386
802
300
128
341
329
25
672
261
461
513
704
513
997
753
278
362
457
917
585
240
650
990
796
727
416
58
185
591
737
550
912
405
22
604
246
650
748
501
407
487
382
700
37
111
427
788
599
970
250
908
452
69
880
316
598
237
640
210
455
817
638
532
249
303
579
625
231
690
499
204
56
79
674
50
729
477
114
328
204
405
543
137
748
467
804
564
752
977
198
196
232
801
479
2
635
660
626
473
891
843
334
468
874
10
528
683
278
76
693
77
180
494
56
735
743
108
286
184
939
584
96
319
139
535
650
383
572
612
566
877
863
157
599
66
765
537
497
652
772
255
792
777
48
39
222
162
756
130
318
517
546
60
671
605
578
506
171
589
334
514
856
33
439
675
4
207
832
486
22
142
219
150
735
85
693
924
193
638
897
319
562
116
760
23
55
648
156
624
459
590
395
3
285
650
404
274
13
734
307
22
229
911
184
8
710
611
800
531
600
99
970
151
209
29
654
104
909
277
560
339
468
83
853
939
670
782
826
117
102
97
439
911
856
835
820
873
125
497
387
267
212
494
95
731
316
211
611
765
111
411
40
7
744
978
566
928
525
966
398
403
825
420
657
858
460
239
104
164
294
225
421
73
755
491
820
90
142
372
950
940
138
700
518
994
798
726
838
345
666
952
947
389
521
282
137
508
729
274
651
225
411
633
546
239
302
859
839
255
96
724
540
229
325
19
258
29
1
546
914
110
995
449
748
125
497
801
206
590
867
426
874
788
952
589
192
438
398
607
610
499
492
573
195
30
927
652
361
422
378
975
669
942
454
702
901
903
837
596
572
430
141
769
490
474
735
678
901
934
843
699
794
657
144
273
238
814
185
771
133
264
760
290
48
842
734
944
600
28
822
920
606
650
26
92
849
511
911
147
698
836
352
733
241
138
574
658
313
852
946
305
434
95
179
761
437
549
249
234
132
452
132
291
834
256
84
336
342
817
933
325
773
692
366
758
774
7
156
810
522
367
815
97
407
818
270
861
586
780
389
189
10
719
251
715
795
48
534
719
639
149
206
115
426
349
70
121
367
440
213
616
198
927
631
722
992
188
885
328
247
240
342
705
371
265
413
418
194
814
520
563
914
447
621
784
910
47
465
834
297
917
289
124
721
119
583
974
96
244
105
434
470
833
434
952
90
522
607
421
979
946
815
198
226
72
712
545
210
520
91
341
898
159
123
575
953
714
370
68
733
525
195
714
792
646
721
308
665
371
919
780
781
970
588
961
522
810
751
995
810
16
98
910
919
509
561
316
657
614
359
860
556
59
648
129
864
178
650
748
784
655
82
703
240
904
37
385
691
311
951
466
381
99
768
316
311
330
250
61
893
266
772
246
338
70
639
468
679
966
762
782
46
472
137
220
806
171
570
479
437
547
936
454
607
277
274
158
564
503
576
729
188
833
584
866
791
134
55
969
169
474
210
58
62
5
347
547
910
668
582
530
87
940
173
782
226
570
602
36
698
33
817
217
374
336
839
32
513
74
494
514
562
485
1
478
869
749
587
991
119
297
678
114
926
89
280
130
826
265
833
8
492
863
92
825
515
136
212
659
160
851
633
42
756
841
77
373
119
749
964
141
56
43
403
713
519
493
616
902
891
834
639
804
70
705
26
958
429
326
449
570
110
942
398
518
410
299
734
12
183
398
511
938
372
111
804
476
872
475
149
122
541
352
787
35
487
871
643
483
52
817
455
302
766
719
911
915
152
206
394
566
995
804
613
945
373
504
388
786
486
867
930
453
698
506
508
212
195
676
65
649
926
431
230
960
536
81
794
768
651
98
890
474
412
185
951
185
342
870
863
899
336
40
988
772
654
998
883
190
845
313
735
597
335
904
826
626
555
160
500
617
485
276
822
601
277
723
538
211
556
559
332
921
742
14
913
815
265
569
746
342
952
552
213
743
946
820
355
973
791
11
447
764
846
463
574
633
853
749
862
101
25
617
1000
933
413
841
354
96
298
76
813
455
499
896
606
130
293
262
442
980
779
961
666
246
460
778
134
874
973
99
49
455
269
911
205
427
543
226
147
803
126
833
707
999
249
418
718
212
584
15
692
953
242
794
726
948
388
632
950
461
522
394
810
888
590
166
451
55
907
121
567
125
250
92
946
907
196
879
418
575
811
219
149
875
801
995
314
521
936
570
547
547
419
678
674
703
544
987
255
276
283
515
723
332
975
174
95
516
773
316
538
970
327
222
944
574
636
456
256
714
758
274
951
302
405
694
137
517
458
322
633
725
885
161
4
769
272
740
55
843
868
884
497
477
93
312
807
853
825
190
574
266
450
834
891
870
897
523
486
313
765
157
657
773
326
338
940
310
264
512
302
779
190
943
91
364
66
541
339
984
292
61
127
528
66
221
290
335
856
11
251
419
747
461
198
664
615
493
494
29
444
37
139
793
649
374
827
461
469
305
772
878
872
623
932
936
455
791
297
100
378
964
855
134
101
120
148
797
939
623
247
626
293
86
461
614
11
667
776
597
207
408
775
394
572
610
699
320
262
60
356
299
300
64
584
859
88
193
379
628
588
313
120
351
98
688
882
651
352
800
512
156
735
532
990
768
377
854
174
50
46
603
418
932
122
659
283
883
639
425
494
500
499
85
354
979
927
316
967
666
313
694
579
290
874
155
448
640
4
962
291
667
862
151
927
956
33
772
602
86
320
974
232
403
835
947
567
172
243
638
940
530
560
45
302
936
204
42
655
599
619
494
399
18
393
653
639
642
159
461
161
534
468
909
217
289
260
888
121
719
66
927
525
356
651
907
976
515
690
43
330
377
143
668
188
3
555
96
491
570
142
507
727
84
334
194
971
638
458
101
957
532
796
460
169
986
192
767
570
623
712
468
67
295
733
453
687
299
570
901
405
287
591
341
356
616
916
547
861
240
406
320
737
24
63
593
529
999
682
580
311
40
653
979
620
151
966
60
884
349
281
126
234
343
830
609
177
530
568
490
702
77
439
754
764
125
538
476
590
515
326
620
625
566
612
209
346
221
857
682
297
901
448
444
825
712
427
263
364
614
64
361
115
732
982
180
732
511
132
239
750
508
484
672
24
935
365
952
24
716
147
766
51
978
843
715
181
981
874
970
327
921
482
980
439
920
841
309
427
459
738
463
885
777
303
431
166
760
228
911
975
573
535
367
716
276
82
394
925
847
757
619
280
314
650
531
696
917
170
729
755
359
262
872
847
961
470
56
630
804
999
304
437
854
119
922
223
237
228
346
966
649
366
359
717
837
951
95
66
963
205
555
633
193
799
746
701
690
248
270
355
17
234
91
600
479
344
322
782
551
937
936
78
476
454
15
680
206
962
699
546
134
269
687
733
50
598
759
372
792
442
243
850
409
482
658
879
926
775
363
614
52
792
943
669
575
565
578
633
493
240
441
109
278
156
829
55
82
519
683
544
289
487
274
444
514
697
983
776
983
264
342
657
182
998
616
853
448
815
698
82
170
177
465
468
755
386
743
7
9
1
680
609
410
285
42
643
961
202
717
304
935
95
487
643
615
994
724
933
658
3
339
445
731
397
916
422
339
655
15
563
132
851
910
956
701
824
478
424
932
274
577
597
482
568
620
385
9
416
546
827
327
225
119
159
537
769
854
699
347
964
629
523
515
326
768
56
343
93
489
386
635
582
58
939
11
923
670
878
687
152
361
910
119
835
5
281
746
473
139
889
817
973
209
907
607
220
9
553
629
239
661
663
808
612
758
868
436
478
31
980
569
546
256
141
728
517
889
508
51
344
768
60
797
750
288
707
928
582
940
32
502
68
622
934
913
511
1
26
171
157
894
573
750
319
81
99
123
1
73
968
630
768
757
108
81
724
920
570
436
103
755
445
534
129
272
36
618
675
713
421
116
242
779
250
958
962
665
657
927
33
42
202
914
68
994
138
752
960
950
150
476
205
840
841
821
469
433
690
476
827
521
353
696
153
68
275
749
529
894
329
270
860
436
455
238
695
210
182
419
199
247
119
829
629
600
97
180
399
180
174
772
661
401
638
787
838
61
259
849
68
417
778
975
342
64
310
435
527
882
69
96
428
187
961
629
860
60
760
109
369
646
591
332
291
707
260
436
270
137
490
85
251
524
625
168
269
210
118
535
45
42
581
641
349
514
843
762
995
358
537
618
523
399
929
450
820
886
651
205
395
875
701
379
669
177
84
912
285
541
563
262
372
176
122
343
766
301
37
584
380
596
739
537
596
429
122
443
427
574
188
962
996
320
93
228
700
441
965
247
18
675
297
355
628
891
903
34
851
80
339
546
525
906
953
75
935
708
124
613
27
996
746
97
283
507
454
322
132
553
162
479
240
160
802
273
476
621
617
165
930
174
386
24
667
513
492
435
617
627
925
516
692
411
995
810
545
894
888
162
387
724
703
203
453
838
626
329
869
302
754
860
13
712
130
857
286
712
468
668
318
812
135
709
717
738
878
39
202
227
630
151
311
486
415
554
417
45
660
233
988
386
222
496
724
266
774
401
230
156
916
607
780
690
522
734
727
203
795
923
114
363
449
681
479
916
555
228
78
392
912
628
576
404
894
12
248
384
293
687
395
840
185
565
559
804
92
783
315
633
615
850
807
163
401
409
8
867
639
502
334
208
738
812
135
74
84
149
643
826
851
989
395
231
804
255
68
811
380
162
948
948
952
96
911
70
22
960
238
839
457
539
486
511
224
373
752
200
813
166
721
152
917
570
301
79
138
209
2
471
354
910
167
347
135
995
631
669
296
655
682
342
708
513
725
434
904
116
102
236
855
550
861
825
276
513
24
581
494
886
480
255
224
620
433
680
200
86
949
139
106
977
455
523
297
424
976
54
165
302
448
713
202
11
618
524
69
918
114
365
501
142
315
956
298
295
558
3
404
638
455
818
796
551
285
451
62
981
172
937
378
147
483
828
481
329
758
853
381
265
490
378
435
338
338
102
640
267
733
662
616
169
533
891
173
99
495
631
759
918
981
457
813
174
114
256
901
733
362
405
989
145
728
942
537
850
360
202
186
388
640
722
924
493
267
988
528
20
997
868
490
169
787
257
296
378
855
604
208
263
793
941
556
871
146
560
643
216
40
501
443
549
694
186
834
273
737
620
290
382
932
821
722
669
760
184
581
365
380
805
47
803
641
36
244
971
975
553
235
350
672
177
940
760
428
137
393
715
292
393
981
785
204
904
385
670
260
103
312
313
337
454
426
80
392
938
500
733
548
819
40
550
381
696
15
569
13
78
491
776
941
781
444
547
763
628
3
950
706
357
830
714
454
190
838
643
726
942
735
259
35
997
93
63
727
123
131
202
56
912
463
607
471
829
688
766
450
859
260
624
738
655
827
613
346
673
234
732
549
480
803
37
93
370
11
104
660
565
797
12
792
371
78
296
178
38
301
542
391
856
559
94
369
883
910
309
389
594
846
90
352
200
927
272
796
265
525
96
9
535
233
821
485
285
763
669
861
933
429
695
486
300
816
883
502
987
730
412
96
945
447
733
117
843
959
544
934
163
527
899
669
240
925
54
717
15
704
683
543
172
577
117
455
778
405
265
588
241
535
55
553
950
39
904
10
598
121
312
18
376
104
867
877
2
707
186
596
982
763
368
854
296
302
816
243
239
13
601
89
743
675
421
857
399
811
328
345
644
236
331
116
771
487
834
156
472
726
496
23
574
175
192
229
712
940
576
1
851
317
118
314
149
26
470
145
126
633
318
361
682
128
839
802
803
598
71
504
114
168
93
883
60
639
690
44
753
362
496
597
52
694
591
678
725
24
811
382
902
486
419
794
461
53
262
490
245
168
432
487
710
752
875
805
885
959
969
936
328
886
903
723
183
572
260
600
762
685
677
939
870
786
806
317
976
822
344
696
691
183
921
306
358
661
828
863
584
27
581
327
271
211
290
648
512
259
44
750
19
697
269
926
614
251
93
594
244
732
434
264
879
229
680
539
668
107
870
691
261
307
887
772
736
348
965
395
463
214
526
102
812
737
839
338
187
865
500
476
406
46
528
344
628
948
888
405
467
435
264
596
757
185
55
411
632
853
621
735
400
447
12
820
540
455
613
496
599
869
928
807
231
998
651
242
360
982
350
47
12
923
205
591
945
134
136
85
872
771
429
781
544
206
24
896
477
732
297
304
878
47
493
165
188
248
137
314
674
583
198
886
746
610
138
75
295
826
172
938
186
329
940
424
745
240
415
959
925
955
361
846
923
209
562
925
925
158
356
174
488
330
618
396
343
629
903
915
818
107
679
987
826
440
723
905
311
97
147
958
186
182
723
659
815
269
228
651
947
764
447
483
28
19
933
815
162
176
884
657
107
264
435
797
717
134
71
970
387
547
129
41
731
15
450
668
676
282
765
663
126
391
124
567
69
271
706
128
362
919
820
488
73
459
260
594
272
302
117
444
607
387
95
703
119
345
324
861
555
821
109
808
676
989
475
957
682
754
880
319
271
146
110
727
854
956
816
215
253
696
976
253
644
675
203
366
784
960
558
461
931
74
165
437
389
930
665
716
327
600
445
439
569
369
52
623
528
11
470
129
751
462
393
62
753
960
145
686
281
268
827
478
451
499
136
904
590
334
217
924
785
213
631
573
830
158
565
793
384
781
45
104
317
760
797
698
178
482
604
445
14
223
111
118
538
918
385
749
539
60
856
95
826
500
379
725
197
448
447
890
268
777
816
529
326
37
984
843
822
631
778
493
70
584
674
239
364
949
573
666
800
154
962
118
181
604
48
486
743
683
255
477
986
355
848
138
75
297
8
271
331
213
182
607
125
114
128
406
788
539
240
647
247
163
907
861
601
809
640
381
335
783
889
583
511
457
596
647
423
208
981
368
391
565
727
391
460
859
485
760
303
623
850
776
611
333
767
937
825
730
822
584
810
372
95
92
922
859
925
715
458
28
537
939
834
603
595
304
433
28
648
545
179
123
56
220
988
923
84
155
928
713
134
766
355
28
714
487
445
650
407
259
193
490
649
80
685
369
16
687
732
424
1000
168
887
723
49
486
338
586
923
145
732
833
165
766
183
779
929
382
109
247
959
441
384
87
481
263
202
664
86
234
79
870
632
73
544
294
371
224
534
741
745
440
183
600
181
550
872
341
503
875
539
741
635
548
319
506
446
858
421
934
155
612
504
966
93
93
388
470
494
44
917
808
229
136
571
615
24
390
142
285
629
950
4
343
739
497
643
75
532
885
430
625
685
898
801
176
655
3
665
198
991
841
872
931
348
899
764
186
549
866
22
563
529
656
627
798
665
721
635
684
593
29
296
292
382
381
275
561
232
184
417
475
648
103
528
385
821
37
337
773
403
920
859
373
692
285
424
226
426
181
133
181
74
52
386
461
733
674
869
18
177
54
811
589
413
76
681
789
771
434
987
442
301
416
399
444
293
356
410
108
862
690
864
929
226
701
847
184
23
200
497
511
673
346
524
443
962
334
68
650
949
426
626
161
265
971
651
573
499
171
624
738
71
996
527
833
841
379
208
280
318
840
109
580
280
651
532
394
304
904
829
322
342
715
717
356
126
459
962
638
979
915
485
750
550
497
141
557
921
141
843
817
351
795
17
59
203
400
771
560
951
17
183
918
944
222
737
235
241
42
414
929
390
603
370
76
171
786
401
189
306
185
535
547
227
932
832
218
992
45
737
803
50
4
741
282
826
181
854
440
904
48
655
498
857
397
299
944
358
525
178
607
547
194
131
969
54
896
764
466
345
477
234
517
588
500
835
482
848
994
814
443
9
504
838
402
467
917
977
640
483
279
872
909
714
84
622
701
728
998
616
906
103
798
550
709
577
428
428
83
568
79
226
878
157
584
643
7
650
686
904
458
718
273
342
634
817
57
581
101
175
163
595
453
633
611
1
495
272
467
458
94
676
513
583
908
924
751
235
929
159
324
473
7
180
759
293
383
757
34
628
484
511
183
893
66
858
637
523
367
532
590
192
926
350
990
924
760
838
976
429
796
411
202
672
975
570
186
578
130
134
138
277
328
933
785
564
104
972
200
23
115
689
135
695
872
719
885
910
736
43
56
201
601
368
161
791
272
978
579
577
20
540
504
418
845
216
999
256
180
269
553
535
845
769
110
624
401
421
315
126
224
574
371
672
196
643
58
751
388
26
96
206
231
353
466
301
533
314
477
984
933
273
781
657
128
912
962
684
172
12
736
426
964
903
399
722
372
101
648
828
548
773
949
153
166
872
722
69
219
421
922
859
570
568
583
669
289
36
149
453
107
934
720
629
808
351
289
177
409
49
845
502
456
600
501
709
447
719
129
167
452
903
960
904
793
338
572
227
973
531
727
854
432
560
903
508
14
797
926
67
414
265
716
336
885
436
969
651
207
411
632
950
712
6
769
394
388
656
193
179
683
568
192
422
439
246
49
506
192
37
214
616
929
513
43
244
519
537
926
378
637
660
669
465
491
503
800
329
414
6
581
419
168
965
217
590
771
247
689
359
350
263
22
369
14
553
399
848
638
623
470
243
492
64
675
115
818
870
106
922
387
763
325
153
465
120
171
738
346
112
732
8
843
978
156
919
2
367
331
997
912
401
138
750
126
121
481
930
371
954
152
662
273
295
524
259
248
306
950
861
864
330
856
708
427
560
474
721
630
808
283
446
148
28
712
663
366
85
548
352
640
350
915
554
541
936
522
434
738
630
425
943
67
995
169
224
819
598
577
207
514
354
534
584
60
983
22
296
582
18
740
791
101
718
650
511
909
489
368
404
187
252
210
25
507
468
753
759
670
240
197
163
236
363
524
450
886
238
846
820
341
899
131
193
891
245
315
711
434
146
8
150
179
343
521
798
645
614
381
43
509
479
672
684
882
343
481
218
150
782
407
286
826
736
396
952
519
141
989
833
240
635
708
867
53
253
983
605
510
993
628
838
37
522
557
361
803
174
709
992
227
598
623
293
278
651
365
599
25
278
466
259
46
714
524
900
785
305
249
968
869
867
590
925
666
169
798
997
833
461
788
435
899
290
235
884
139
275
456
833
719
980
924
280
870
39
793
597
483
55
541
715
173
178
555
600
894
852
322
70
520
686
178
350
978
224
397
755
831
723
708
819
129
519
365
218
481
910
886
456
361
425
188
430
834
740
954
977
647
671
871
421
323
117
269
311
324
917
656
378
15
36
364
285
251
154
792
9
94
503
439
658
74
829
187
619
370
336
607
330
767
38
188
508
50
877
576
430
258
527
386
553
632
535
718
328
771
225
538
991
337
50
533
521
85
225
271
920
516
230
169
372
563
819
402
452
174
135
277
501
1000
704
666
492
624
681
429
619
912
983
117
906
579
366
56
911
166
527
225
464
964
796
38
667
314
187
234
967
573
469
816
435
737
688
903
109
218
194
277
26
748
71
568
31
314
926
441
749
931
793
549
96
65
269
129
979
670
380
244
328
899
970
591
133
703
892
120
549
946
213
416
362
303
374
392
960
78
737
463
598
58
932
428
25
877
256
503
740
158
196
856
837
473
74
26
394
898
741
558
164
124
11
147
923
230
390
461
27
764
658
176
839
307
442
812
718
910
919
697
854
596
290
892
282
438
226
523
820
375
958
280
965
298
949
156
900
643
693
606
792
696
456
593
676
917
879
499
819
686
383
873
216
291
298
34
370
857
112
681
206
326
776
447
478
749
420
559
193
524
945
102
757
336
374
961
221
183
924
637
625
996
604
449
988
429
247
277
580
411
115
58
168
509
203
177
997
217
131
259
111
364
800
202
821
443
732
216
919
199
267
529
353
930
937
272
967
550
483
274
131
131
129
901
286
283
544
791
311
432
265
811
61
940
725
296
642
1
59
775
872
668
991
35
6
752
678
413
121
166
606
719
647
85
73
918
345
72
569
624
371
341
47
763
559
611
584
214
243
614
141
804
905
955
609
20
904
34
953
899
982
969
528
403
925
417
529
196
437
442
519
76
495
937
951
118
981
381
245
670
491
651
790
518
592
959
962
780
44
499
232
223
86
456
805
863
378
51
834
533
128
693
8
997
193
684
260
453
457
732
751
569
121
219
256
652
860
219
590
981
759
966
679
432
557
72
336
206
496
744
377
581
983
663
657
776
80
376
894
36
810
646
411
504
70
324
155
742
474
586
460
83
435
289
992
692
102
914
737
546
479
498
951
589
926
405
126
465
420
187
904
17
107
3
530
279
541
67
303
201
459
101
763
287
453
531
911
98
662
459
404
399
67
518
70
696
575
835
373
173
999
367
165
321
9
57
547
978
362
898
851
226
298
247
865
175
614
683
611
723
925
565
766
977
63
507
719
927
86
857
902
850
757
236
547
101
686
676
705
557
350
642
750
230
272
434
867
865
959
228
752
49
646
894
109
548
697
716
157
619
846
357
681
737
773
220
589
193
813
468
523
178
514
451
545
915
504
387
176
796
967
109
736
668
584
802
307
756
1
574
924
980
870
54
947
327
632
841
643
726
968
733
509
134
368
525
381
309
284
404
775
478
219
519
788
778
368
69
443
104
945
128
78
756
469
155
915
211
136
533
76
482
906
682
673
732
369
761
876
896
985
309
362
993
674
443
1
324
384
892
384
530
275
778
7
364
667
784
364
927
968
948
703
812
282
791
545
164
11
460
575
735
885
772
732
283
142
129
109
658
746
183
689
720
528
50
814
390
524
57
282
244
570
381
390
822
612
459
933
222
893
305
747
791
932
222
733
184
37
462
117
740
590
415
214
29
538
22
547
988
404
615
810
466
910
321
293
365
477
682
230
455
269
976
972
145
731
231
795
94
68
308
265
580
940
533
875
644
256
490
199
261
947
582
767
835
370
872
847
81
72
384
766
256
408
933
205
498
668
586
904
223
868
349
416
197
6
125
749
707
164
792
621
354
1000
194
588
347
729
645
772
21
765
876
996
262
784
515
444
38
606
520
85
689
862
266
189
514
997
941
876
779
673
979
442
768
362
774
366
109
512
761
193
872
152
908
26
289
896
19
17
841
481
374
108
777
795
56
603
233
672
674
445
457
666
904
93
266
506
929
565
895
471
881
858
435
369
775
561
154
396
731
250
120
342
505
534
945
933
996
977
484
523
792
498
852
281
211
985
393
350
831
252
305
8
973
226
836
679
626
604
50
240
480
895
81
188
958
337
927
768
194
758
283
469
867
579
714
187
82
164
248
325
710
822
61
158
412
683
454
849
415
543
752
211
730
431
451
287
619
115
89
870
51
796
641
607
869
351
432
23
517
559
307
920
336
23
808
884
190
169
848
192
343
52
76
229
73
54
36
452
13
75
603
403
862
798
140
246
410
957
339
44
842
404
690
831
905
210
890
348
743
435
129
606
430
1000
528
18
647
989
942
284
707
436
249
146
216
886
88
100
328
149
817
434
345
73
616
531
529
635
5
568
866
541
676
905
796
903
995
4
707
395
842
769
609
245
507
138
128
273
109
137
117
615
333
132
790
170
941
957
319
284
942
828
224
568
761
151
292
745
881
373
385
481
914
867
539
184
482
214
125
23
421
118
181
320
189
503
100
520
811
150
15
465
33
959
166
270
77
598
553
845
791
616
651
665
140
173
945
67
285
749
945
219
747
282
259
956
18
582
431
229
282
876
777
214
963
511
534
194
140
826
404
809
527
495
211
79
502
807
605
102
901
499
751
189
330
891
499
903
304
392
612
427
293
767
479
715
630
469
899
176
794
704
600
143
443
374
502
158
145
896
114
719
92
447
472
801
302
314
6
968
372
917
980
325
289
716
181
979
913
813
613
49
311
28
571
158
900
280
490
514
624
327
734
661
381
710
778
433
808
873
848
816
848
764
75
619
802
103
276
897
571
453
311
166
912
524
413
907
870
592
32
717
101
983
995
622
97
69
737
377
395
553
159
636
962
655
903
821
731
945
44
148
116
951
357
387
762
110
904
137
86
139
751
883
947
361
827
728
681
4
597
102
384
231
31
501
890
517
822
456
90
705
587
229
802
696
772
452
901
281
959
540
36
971
999
858
95
433
419
645
950
406
560
381
697
607
256
558
861
152
720
88
245
118
689
242
98
764
531
50
616
504
141
701
178
713
223
38
682
686
823
132
584
748
992
449
119
722
815
187
744
870
144
659
888
94
339
467
908
930
962
970
698
151
334
57
307
139
92
405
249
740
566
285
432
254
1000
214
90
931
517
928
124
744
432
852
305
821
892
267
574
573
691
122
261
821
910
660
167
436
487
273
280
415
316
224
324
569
197
383
295
33
865
943
624
645
702
789
960
526
820
150
128
526